0 15 0 0 3 16 4 0 9 0 5 2 11 8 0 0 
6 11 13 1 5 14 9 2 0 0 15 8 10 0 0 0 
0 12 5 0 11 13 6 15 0 1 10 0 9 0 2 0
3 0 2 0 0 7 10 1 12 0 11 14 13 0 15 16
2 7 10 15 12 3 5 6 4 11 8 0 14 1 0 9
0 1 0 0 0 0 14 0 0 0 6 13 0 3 10 15
5 14 0 0 9 1 0 0 10 15 2 0 16 0 4 7
13 16 0 0 10 4 15 0 0 14 9 0 6 0 5 2
0 13 0 12 0 6 0 4 14  9 3 5 2 10 1 8
0 10 6 0 14 0 0 13 11 8 16 15 0 0 12 0
0 5 9 3 0 8 0 0 2 0 1 4 0 0 16 13
8 2 4 0 1 10 0 0 13 7 12 0 0 15 0 11 
10 9 7 5 6 12 1 0 0 2 13 0 0 16 8 0
11 3 16 14 0 9 8 10 0 12 4 0 15 0 0 5
12 6 0 13 4 0 16 5 8 0 7 0 0 14 11 0
4 0 1 0 7 15 11 0 5 0 0 0 12 13 0 6